function plotIntensityXDuration_d

a_times=[-0.3005
0.0245
0.0745
0.1245
0.1745
0.2245
0.2745
0.3245
0.3745
0.4245
0.4745
0.5245
0.5745
0.6245
0.6745
0.7245
0.7745
0.8245
0.8745
0.9245
0.9745
1.0245
1.0745
1.1245
1.1745
1.2245
1.2745
1.3245
1.3745
1.4245
1.4745
1.5245
1.5745
1.6245
1.6745
1.7245
1.7745
1.8245
1.8745
1.9245
1.9745];
a1=[0
0.006026
0.005559
0.002717
0.002093
0.002492
0.004311
0.001791
0.00225
0.004075
-0.001615
-0.002745
-0.003659
-0.00308
-0.003417
-0.001591
-0.000159
-0.000159
-0.000969
-0.000719
-0.00232
-0.001416
0.000084
0.000611
0.001615
0.002846
0.003501
0.002941
0.004776
0.003989
0.003501
0.004325
0.002995
0.001287
-0.000165
0.000449
0.000518
0.000386
0.000768
0.001289
0.002428];
a2=[0
-0.007244
-0.009882
-0.009372
-0.008098
-0.006988
-0.005213
-0.005254
-0.005309
-0.00359
-0.002054
-0.001988
-0.000219
0.001532
0.002458
0.003484
0.002474
-0.001287
-0.001303
-0.002203
0.000361
-0.002289
-0.005286
-0.003814
-0.004007
-0.004782
-0.005485
-0.006582
-0.005259
-0.004058
-0.003216
-0.005247
-0.006991
-0.007125
-0.006161
-0.004093
-0.003101
-0.002503
-0.002264
0.000974
0.000741];
a3=[0
-0.00057
-0.002354
-0.002687
-0.002898
-0.002092
-0.000715
-0.002663
-0.005238
-0.005237
-0.004439
-0.004291
-0.005271
-0.007124
-0.006057
-0.004182
-0.004841
-0.003825
-0.004097
-0.004082
-0.003034
-0.000658
-0.00016
0.001109
0.001732
0.001068
0.001206
-0.001565
-0.002963
-0.001849
-0.002482
-0.004678
-0.002566
-0.000824
-0.001376
-0.003064
-0.004428
-0.006064
-0.005282
-0.002911
-0.000944];
a4=[0
-0.0007
-0.001
-0.0007
-0.0005
-0.0005
-0.0002
0
0.0001
0.0002
0.0001
0.0003
0.0006
0.0005
0.0003
0.0003
0.0003
0
0
0.0001
-0.0001
-0.0001
0.0001
0
-0.0001
0.0001
0.0002
0.0003
0.0003
0.0002
0.0001
0
-0.0001
0
-0.0001
0
0.0001
0.0001
0.0002
0.0003
0.0001];
a5=[0
-0.001953
-0.004563
-0.004105
-0.003476
-0.003846
-0.004989
-0.006039
-0.005275
-0.004459
-0.006026
-0.006197
-0.007859
-0.009677
-0.007891
-0.006104
-0.004045
-0.001575
-0.00315
-0.004108
-0.003934
-0.003965
-0.002285
-0.003772
-0.003131
-0.001277
0.000101
0.002842
0.000031
0.000604
0.000952
-0.000202
0.001238
0.001833
-0.001504
-0.000214
-0.001105
-0.003434
-0.002103
-0.000252
-0.000601];
a6=[0
-0.0008
-0.001
-0.0006
-0.0004
-0.0002
-0.0001
0
0.0003
0.0004
0.0002
0
0.0002
0.0001
-0.0001
-0.0004
-0.0006
-0.0007
-0.0007
-0.0004
-0.0007
-0.0009
-0.001
-0.0011
-0.001
-0.0011
-0.001
-0.0009
-0.0009
-0.0008
-0.0009
-0.001
-0.0012
-0.0013
-0.0012
-0.0012
-0.001
-0.001
-0.001
-0.0012
-0.0013];
a7=[0
-0.003886
-0.003712
-0.003166
0.000469
0.002554
0.006166
0.003122
-0.002189
-0.001855
-0.000581
-0.000216
0.000615
0.001602
0.002734
0.002915
0.003042
0.008486
0.005116
0.000603
0.002574
0.004538
0.004432
0.003621
0.003974
0.004629
0.003362
0.005227
0.008149
0.007575
0.00693
0.006207
0.005263
0.005368
0.006794
0.005218
0.004868
0.005706
0.005605
0.005552
0.004463];
c_times=[-0.31
0.015
0.065
0.115
0.165
0.215
0.265
0.315
0.365
0.415
0.465
0.515
0.565
0.615
0.665
0.715
0.765
0.815
0.865
0.915
0.965
1.015
1.065
1.115
1.165
1.215
1.265
1.315
1.365
1.415
1.465
1.515
1.565
1.615
1.665
1.715
1.765
1.815
1.865
1.915
1.965];
c1=[0
-0.00388
-0.005531
-0.002696
-0.000981
-0.000175
0.000732
0.002987
0.003049
0.001627
0.001403
0.0011
0.002815
0.001746
0.002326
0.002751
0.002498
0.001626
0.002983
-0.000628
-0.000643
0.000367
0.001422
0.003578
0.002072
-0.000406
0.001192
-0.001586
0.000727
0.000279
-0.001354
-0.001378
-0.001873
-0.001548
-0.00124
-0.001054
-0.000606
0.000464
0.000921
0.002904
0.003202];
c2=[0
-0.006552
-0.009382
-0.005784
-0.002049
-0.000282
0.00119
0.001106
0.0013
0.002421
0.001294
0.000573
0.002173
0.005133
0.007362
0.005378
0.00563
0.002921
0.002827
0.0033
0.004151
0.004622
0.004446
0.002963
0.003392
0.000881
-0.001826
-0.003067
-0.003618
-0.001853
-0.003611
-0.004619
-0.001991
-0.002532
-0.003196
-0.005171
-0.005651
-0.005697
-0.007184
-0.00732
-0.006587];
c3=[0
0
0
0
0
0
-0.0002
-0.0001
-0.0002
-0.0001
-0.0001
-0.0001
0
0
0
0.0001
-0.0001
-0.0004
-0.0006
-0.0006
-0.0005
-0.0006
-0.0005
-0.0006
-0.0005
-0.0007
-0.0008
-0.0009
-0.0011
-0.0012
-0.0013
-0.0011
-0.0009
-0.0011
-0.0011
-0.0011
-0.0012
-0.0013
-0.0016
-0.0016
-0.0016];
c4=[0
-0.0003
-0.0006
-0.0006
-0.0005
0
0.0003
0.0002
0.0005
0.0005
0.0007
0.0005
0.0005
0.0009
0.0009
0.0011
0.0011
0.0008
0.0006
0.0008
0.0009
0.0008
0.0006
0.0006
0.0006
0.0005
0.0007
0.0007
0.0005
0.0004
0.0007
0.001
0.0008
0.0003
0.0003
0.0004
0.0003
0.0004
0.0006
0.0005
0.0004];
c5=[0
0.0003
0.0002
0.0003
0.0002
0
0.0004
0.0006
0.0006
0.0003
0.0001
0
0.0001
0.0003
0.0002
0.0002
0.0003
0.0004
0.0007
0.0006
0.0005
0.0006
0.0007
0.0008
0.0011
0.0012
0.0011
0.0009
0.0007
0.0007
0.0008
0.0008
0.0008
0.0008
0.0007
0.0007
0.0008
0.001
0.0009
0.0009
0.001];
c6=[0
-0.004603
-0.005065
-0.004369
-0.001801
-0.000681
0.001463
0.000693
0.0035
0.004356
0.005085
0.006135
0.006104
0.004891
0.004872
0.005929
0.005235
0.005451
0.003636
0.004353
0.003689
0.005726
0.006035
0.007583
0.006001
0.008268
0.005841
0.001917
0.002069
0.001553
0.003229
0.002067
0.00077
0.00169
0.00171
0.001608
0.002968
0.004814
0.006124
0.005797
0.002308];
c7=[0
-0.00144
-0.000009
-0.000262
-0.001048
-0.002128
-0.002933
-0.001871
-0.000185
0.001558
-0.000416
-0.002339
-0.000239
0.000511
0.000668
-0.000661
-0.002245
-0.003189
-0.002096
-0.002495
-0.004396
-0.005422
-0.005852
-0.005361
-0.007024
-0.008281
-0.007337
-0.007905
-0.004624
-0.006932
-0.008677
-0.008843
-0.007421
-0.007652
-0.007097
-0.005696
-0.005457
-0.006425
-0.00652
-0.005634
-0.006456];
d_times=[-1.58
-1.255
-1.205
-1.155
-1.105
-1.055
-1.005
-0.955
-0.905
-0.855
-0.805
-0.755
-0.705
-0.655
-0.605
-0.555
-0.505
-0.455
-0.405
-0.355
-0.305
-0.255
-0.205
-0.155
-0.105
-0.055
-0.005
0.045
0.095
0.145
0.195
0.245
0.295
0.345
0.395
0.445
0.495
0.545
0.595
0.645
0.695];
d1=[0
0.000934
-0.002456
0.000108
-0.001266
-0.001703
-0.001663
-0.002115
0.000559
0.003383
0.001883
0.000156
0.001361
0.00357
0.002103
0.000492
-0.000241
0.002313
0.003687
0.00531
0.002658
0.001093
0.000403
0.001322
-0.000558
-0.002113
-0.004366
0.000861
0.001825
0.002768
0.000746
0.002434
-0.001046
-0.000177
-0.001828
-0.001733
-0.000321
0.001849
0.004067
0.003328
0.002866];
d2=[0
-0.0011
-0.0017
-0.0013
-0.0013
-0.0014
-0.0014
-0.0013
-0.0011
-0.0011
-0.001
-0.0008
-0.0006
-0.0008
-0.0009
-0.001
-0.0009
-0.0008
-0.0012
-0.0012
-0.0012
-0.0012
-0.0014
-0.0011
-0.0011
-0.0012
-0.0011
-0.0008
-0.0004
0
0.0003
0.0006
0.0006
0.0008
0.0009
0.0007
0.0008
0.0008
0.0006
0.0006
0.0004];
d3=[0
0.0006
0.0006
0.0004
0.0005
0.0005
0.0006
0.0006
0.0009
0.0009
0.0009
0.0006
0.0005
0.0005
0.0005
0.0004
0.0005
0.0007
0.0007
0.0006
0.0005
0.0004
0.0003
0.0004
0.0005
0.0008
0.001
0.0011
0.0013
0.0011
0.0012
0.0012
0.0012
0.0012
0.0013
0.0015
0.0014
0.0016
0.0016
0.0017
0.0015];
d4=[0
-0.0011
-0.0015
-0.0015
-0.0015
-0.0015
-0.0017
-0.0016
-0.0013
-0.0013
-0.0014
-0.0014
-0.0014
-0.001
-0.0011
-0.001
-0.0012
-0.0014
-0.0015
-0.0018
-0.0018
-0.0017
-0.0021
-0.0022
-0.0021
-0.0021
-0.002
-0.0018
-0.0012
-0.0008
-0.0008
-0.0009
-0.0007
-0.0006
-0.0006
-0.0008
-0.001
-0.001
-0.0009
-0.001
-0.0014];
d5=[0
-0.0004
-0.001
-0.0011
-0.001
-0.001
-0.001
-0.001
-0.0009
-0.0012
-0.0013
-0.0015
-0.0016
-0.0014
-0.0017
-0.0016
-0.0016
-0.0016
-0.0016
-0.0019
-0.0017
-0.0019
-0.0019
-0.0021
-0.002
-0.0021
-0.002
-0.0019
-0.0019
-0.0019
-0.0017
-0.0012
-0.0012
-0.0015
-0.0016
-0.0016
-0.0016
-0.0017
-0.0017
-0.0016
-0.0015];
d6=[0
-0.0001
-0.0007
-0.0009
-0.0008
-0.001
-0.0009
-0.0007
-0.0002
-0.0001
-0.0003
-0.0003
-0.0007
-0.0007
-0.0005
-0.0002
-0.0002
-0.0004
-0.0006
-0.0009
-0.0006
-0.0006
-0.0008
-0.0007
-0.0004
-0.0003
-0.0003
-0.0003
-0.0001
0.0002
0.0006
0.0008
0.0005
0.0005
0.0005
0.0006
0.0003
0.0001
-0.0002
-0.0002
0];
